Architecture:
Conv((3,),1=>16,relu,stride=1,pad=Periodic,LN=false) | Conv((3,),16=>16,relu,stride=1,pad=Periodic,LN=false) | Conv((3,),16=>16,relu,stride=1,pad=Periodic,LN=false) | Pool(mean) | Dense(16=>1,identity,LN=false)

Input Scaling:
    scale function: identity
    max_norm:       nothing
    normalisation:  1.0

Weights:
1.6892158 0.41912585 -0.21817085 0.8257321 -0.15254651 -0.34039775 -0.006285779 0.080862075 -0.31292787 -1.3206096 1.3968278 0.069170296 1.6335258 -0.97225386 0.7929807 -0.14530246 0.66692424 0.98253125 -0.4645491 0.34087297 0.6134722 -0.10535293 -0.31896698 0.011253158 0.16595325 -0.0814683 0.03671126 1.368544 -0.2958266 -0.22710013 -0.5244764 -0.3473335 0.49580008 -1.0321958 -0.15907359 0.13616718 0.20223655 -0.40436664 -0.5461363 0.7845423 -0.7269059 -1.5141548 -0.36545298 -0.922294 0.26461956 0.00032710953 0.06410408 -0.39962175 0.018677197 -0.03628032 0.046762787 -0.00015586207 0.044358432 0.026748838 -0.06369225 -0.036265478 -0.008094223 0.07415656 0.038127616 -0.03859058 0.03561336 -0.031269897 -0.02999684 0.036509447 0.015364455 0.3485136 0.13330972 -0.12962338 0.11405136 0.13544685 0.03291958 0.18069564 -0.055552173 0.04692231 0.042411316 0.09974019 -0.0989187 0.24396437 -0.0329644 0.06308414 0.07226358 -0.098703064 -0.16167775 -0.4053414 0.0561702 0.34159115 0.06858857 -0.11242641 0.104858436 -0.18038325 -0.14228603 -0.29947677 -0.10906026 0.07168757 0.02257405 -0.2676913 -0.23798716 -0.07106262 -0.20484786 0.08778659 0.29126787 0.11940135 -0.1296032 0.46112695 0.3326783 -0.16599773 0.11399449 -0.1279229 0.23001686 0.22051716 0.28439173 0.23947488 -0.13923587 0.14449577 -0.12696005 -0.45506725 -0.27029005 -0.002498434 -0.009438318 -0.023099968 -0.078790486 0.10314336 0.17970558 0.06787148 -0.15235478 -0.046448417 -0.21168287 0.055085152 0.24669129 -0.13799939 -0.07842199 -0.27879468 0.028947284 0.04362951 0.120759666 -0.08207518 -0.0020522329 0.0061780615 -0.08939079 -0.11426878 0.15700471 0.26102245 -0.06670091 -0.32140714 0.0130684795 0.08409389 -0.21187463 0.14424638 -0.019037124 -0.16142556 0.29390678 -0.045442052 0.022363555 -0.46402392 -0.19589593 0.09815895 0.23717186 -0.17322642 -0.121572144 -0.03992199 0.18672484 -0.16152024 0.34597796 0.036690176 -0.37879285 -0.7259218 0.13178855 -0.035398357 0.57877094 0.0038578708 -0.14860523 -0.13541053 -0.26620656 -0.03621946 -0.0066011576 0.338498 0.17063643 -0.027556371 0.23292443 -0.39129588 0.17306845 0.18728667 0.26209238 -0.121659145 0.3290291 -0.0071642324 -0.15158918 -0.060634423 0.05023567 0.24778268 -0.072793044 0.020869084 0.14234902 0.23822016 -0.10704881 0.11845002 0.050553627 0.18310109 -0.16740775 0.00037251506 0.014226936 -0.24411856 -0.18714254 -0.22704136 -0.33712813 -0.06187337 0.004654483 -0.11211082 -0.022849342 -0.42806748 0.024424462 0.23029481 -0.02219975 -0.34006548 -0.104695156 -0.0954931 0.22356129 0.014972573 0.023121929 0.56110966 -0.39250794 -0.2418726 -0.088767864 -0.115153104 -0.09984395 0.100146785 0.27280492 -0.14773586 -0.043464463 -0.33147416 -0.3095261 0.32891634 -0.032891266 -0.105194926 -0.1250004 -0.1120134 -0.13186164 -0.19301583 -0.0054805772 0.08322668 -0.17050767 0.01600991 0.010839821 0.18795165 -0.12962456 0.13861577 -0.08748423 -0.13623752 0.0082563115 -0.32597998 -0.1365398 -0.32994813 0.1392969 -0.055537246 0.14769655 -0.17121649 -0.28030375 -0.18467118 0.26626348 -0.16522469 0.0072271167 -0.28064907 0.12591058 -0.19611628 0.019097991 0.15469387 -0.019144068 0.19404635 -0.06576173 0.13610333 0.33290848 -0.12789111 -0.12143866 -0.011474794 0.15883796 -0.04881802 0.022536023 -0.08916598 -0.18829352 -0.24300529 0.32606938 -0.18312627 -0.059369773 -0.012311342 0.04403869 -0.24339028 -0.095749445 -0.36276385 0.01871111 -0.053897712 0.4683676 -0.109373055 -0.17825668 -0.020147845 0.14932863 -0.12506355 0.14111465 -0.07754567 -0.043802332 -0.18964884 -0.5364092 0.01572206 0.03974068 -0.36246872 0.08318216 -0.045009807 -0.3319503 -0.113494426 0.051912215 0.16653669 -0.21416171 0.1620135 0.58102196 0.078519195 -0.20093884 0.12928833 0.20706822 0.20971778 0.10978052 0.084275365 -0.27592775 -0.059977412 -0.28137672 0.08225785 -0.25329077 -0.07988932 -0.1107091 -0.0024634562 0.4451574 -0.14369734 -0.0031820424 0.19120176 0.10568836 -0.046045303 0.009730137 0.43092853 0.0034858629 -0.21328717 0.13365518 -0.17334805 -0.11076186 0.22937118 -0.050030533 0.06444173 0.045675207 0.1752275 0.052486435 -0.11381842 -0.060714167 0.09457864 -0.2778506 -0.0399638 -0.0017776365 -0.007702081 0.23237538 0.20941757 0.003088984 -0.06509936 -0.2648942 0.09107708 0.1295056 0.07756257 -0.0044703204 -0.20541322 0.40271014 0.27367994 0.03374535 -0.09132098 0.16190685 -0.16055599 -0.21980071 -0.25976604 -0.24056076 -0.25502867 -0.09061587 -0.014729925 -0.30852023 -0.039735842 -0.23300824 0.19819927 -0.16276388 0.21300587 0.04451956 0.060416944 0.19737421 0.035552848 -0.07934531 0.41171312 0.114589244 0.23193666 -0.046471965 -0.2521177 -0.42914227 -0.32116812 0.14933993 0.01635682 -0.07178518 0.04977119 0.075092725 0.15023647 0.043552615 -0.24433617 -0.08021348 -0.19845526 -0.05988455 0.09730442 0.41326573 -0.3269466 -0.13214165 0.12792727 0.060632534 0.29218096 -0.1768133 -0.13214396 0.0904914 -0.46699336 0.15635268 0.40533078 -0.24530013 0.2471305 0.18666892 -0.13588907 0.20636402 0.13986132 -0.055672336 0.15754768 -0.23556808 -0.030251356 0.0899767 0.18865313 -0.12704992 0.094896935 0.13860945 -0.09304093 -0.048640996 -0.19292387 -0.2920678 -0.21909307 0.007006965 -0.09590311 -0.046633787 -0.039004616 -0.11847524 0.018248735 0.21112244 -0.01268216 0.1379459 0.04843722 -0.25546086 0.14760393 -0.36310226 0.18205471 0.2836342 0.049194567 0.060947508 -0.06817933 -0.16680923 0.13547583 0.0068517937 0.07291602 0.144124 0.16720763 -0.038100213 -0.0126249 0.20694266 0.18519793 0.11340505 0.06243708 -0.20191188 0.19410995 -0.15623619 0.24536678 0.21464196 -0.05576354 -0.08926101 0.19489542 -0.08110299 -0.30969408 0.050350416 0.027060406 -0.26473087 -0.26893467 0.34788734 -0.01619638 0.14278755 -0.06559535 0.34577933 0.3081733 0.1687689 0.15146695 -0.025018202 0.08224108 0.07823373 0.47704098 0.10748357 -0.1954221 -0.11247356 0.04071563 0.17587863 0.14644071 -0.029529035 -0.24707076 -0.09532635 0.06231908 0.06691234 0.08284006 0.021752829 -0.04528893 0.097115904 0.040181354 0.058085945 -0.20814057 -0.15029953 -0.022241767 -0.2984971 -0.042235564 0.23547658 -0.27361575 -0.22824813 -0.059113044 -0.00014690221 0.08045874 -0.095543094 0.11870645 -0.17562966 0.0833784 0.1850413 -0.11693173 0.2867292 0.10294094 -0.12367337 -0.2774311 0.21488774 0.17413397 -0.068532474 0.057573568 -0.1776558 -0.015742723 0.18781242 0.28355324 -0.13584733 0.34224343 -0.19734019 0.30955797 0.015676936 -0.35387692 0.008238157 0.2096007 0.15076776 0.2075033 0.2589294 -0.08987247 0.026306558 0.0054068766 0.114565976 -0.30531004 -0.2538888 -0.14310703 0.18129231 -0.32941842 0.03930679 -0.07612266 0.14107145 -0.038794737 0.10487768 0.023492312 -0.3042929 -0.290647 0.17492798 0.050065912 -0.5024905 -0.37497586 0.06065658 0.21766378 0.007368471 0.14815924 -0.06268775 0.07178423 0.19434756 -0.15406382 -0.2656951 0.30694962 -0.15978916 -0.03209514 0.20108041 -0.08480725 -0.31305525 -0.14900641 -0.051182453 0.15671788 0.26845717 -0.06704433 0.15945213 0.007798749 0.109092206 -0.17885554 0.07265939 -0.31353065 -0.11497964 -0.3888567 -0.27796042 -0.14973016 0.009850975 -0.35259527 0.28256428 0.07788032 -0.109671235 0.032465726 0.17512052 0.57670736 0.07943477 0.3855148 -0.1284139 -0.0198655 0.19811457 0.24811459 0.15330626 -0.116621554 -0.030737936 0.019263217 0.08025726 -0.092625365 0.06385531 -0.064248346 -0.28651425 -0.09716768 -0.22770105 0.05322734 0.058489896 -0.27267703 0.12595487 0.07919711 -0.24635953 0.03504533 -0.12661232 -0.23903078 0.36780974 -0.044803526 -0.48125938 -0.20397665 -0.070226744 0.14394638 0.17790581 -0.5191872 -0.1088211 0.24682944 -0.109710746 -0.15289481 -0.25616792 0.033939276 0.06164331 0.052956223 0.024214702 0.16363093 0.24441804 -0.45313245 -0.090416975 -0.059229653 0.19214775 0.038170323 0.45719162 -0.25753835 0.115685 -0.10150866 0.25847617 -0.1743524 0.077259146 -0.2944003 -0.18776223 -0.109244525 -0.0040140636 0.0012835365 0.093124956 0.21608336 0.28625873 0.15026559 0.10318909 0.06381187 -0.29497722 0.007575523 0.06117319 -0.086573824 0.11342166 0.072455905 0.12752391 0.3275381 -0.2795849 -0.09979583 -0.09380249 -0.25021523 -0.21573432 -0.04833893 -0.18326342 -0.09841822 -0.100546874 0.050268423 0.11334983 0.18105507 0.0011722525 0.21797737 0.012359697 0.17183639 -0.01575703 -0.032812916 -0.055269275 -0.10623581 0.28774664 -0.02121179 -0.11783396 -0.02227203 0.45087197 0.101989344 -0.31742275 0.16671526 0.041689828 -0.19136167 0.2304237 -0.021403274 -0.025341878 0.05311508 -0.030121734 0.08358726 -0.1383316 0.11563232 0.2874686 -0.08876368 0.065294445 0.35358447 -0.23846452 0.060560424 0.23162659 0.111771636 0.06717095 0.17011844 0.2328399 -0.2557229 -0.31310377 0.26866585 -0.27370283 0.31421232 0.2189535 0.2691965 0.07311383 -0.2992656 -0.114989325 -0.14688402 0.036644775 0.14703119 -0.0064164805 0.24260467 -0.041863028 -0.5457702 0.16636145 -0.016057448 -0.2936059 0.18077749 0.4843604 -0.2824653 -0.11775583 0.19988388 -0.16454768 0.0483579 -0.04322453 0.15546699 -0.018262671 0.13983646 0.045220926 -0.05713267 -0.11234545 0.0671056 0.37750143 0.05578563 -0.0006869605 0.006650216 -0.022089861 0.19583486 0.10487835 -0.20207992 0.06583077 -0.005734381 0.28252107 -0.05562224 -0.22616263 0.1929863 0.40476206 0.16581072 0.16856469 -0.061084606 -0.16001785 0.27178997 0.012083472 -0.061508443 -0.581526 0.14892454 -0.12664156 0.2532426 -0.12547196 -0.10200699 0.27425995 0.13447371 -0.114665076 0.022542695 -0.16922955 -0.124231264 -0.4685853 0.03767075 -0.09058006 0.12766613 0.11500332 0.01753317 -0.03920481 -0.1627037 -0.0791872 -0.40340587 -0.04253182 -0.04847147 -0.11608574 -0.19107911 -0.33915225 0.19922605 -0.12946413 -0.07248849 -0.08521452 0.26537687 -0.005691639 -0.025240365 0.14187388 0.059698235 0.29068184 -0.26450542 0.05121412 -0.14525066 0.040652707 -0.03579043 0.04165369 -0.029104486 -0.05453244 0.03943286 -0.02613096 -0.007855254 -0.038430825 0.014222983 -0.026495619 0.06701804 -0.0219901 -0.020551346 -0.030310722 0.030271191 0.13213721 0.03451327 -0.34715462 -0.47770995 -0.015886728 -0.23863165 -0.0021664277 -0.1078972 -0.11241846 0.07994097 -0.18120252 0.14882055 0.05462667 -0.1396801 0.23180005 -0.0033297602 -0.14040507 0.025333993 -0.12894557 -0.36307743 -0.20281412 0.008153647 0.27088746 -0.25313795 -0.19554533 0.0022907094 0.0456842 0.05679584 0.015606152 0.122142464 0.19621545 -0.11494063 0.12080871 0.17956284 -0.13161945 -0.26075625 0.40954265 0.38671684 -0.096673585 0.1896801 0.21849175 -0.19073784 -0.24555105 -0.43151164 -0.035121344 -0.17364569 -0.053123426 0.086401604 -0.028819758 0.33581933 0.10755962 0.24085146 -0.10551556 0.19759604 0.15301013 0.40247855 0.065405495 -0.08852624 -0.0036821018 -0.0034970695 0.10956864 0.23793292 0.2617903 0.1427285 -0.05041664 -0.41984138 0.3322254 0.13828047 0.13941474 -0.26585293 -0.21615967 -0.29795474 -0.2783185 -0.2773686 0.26322368 -0.2877496 -0.028547745 0.04957823 -0.3946032 0.26771966 0.13892488 -0.05476982 0.5640995 -0.0970474 -0.15885988 0.09554971 -0.3641978 0.20582382 -0.014380766 0.23917678 -0.109836 0.30558944 -0.20858124 -0.26019505 0.19649643 0.10927961 0.2724726 -0.29406688 -0.048114195 0.08980284 0.010369713 -0.13595411 0.058276806 0.1849728 0.18569493 -0.03450868 -0.19669186 0.1825477 -0.26979092 -0.036515724 -0.15706079 -0.15692805 -0.1739627 0.33372274 -0.14852642 -0.11000846 0.106782205 0.24123129 0.06648066 -0.18285605 0.12848675 -0.19988035 -0.10310137 -0.21615498 -0.012197907 -0.06042313 -0.030770727 0.33308238 0.20451628 0.22427867 -0.006405952 0.35365987 0.10188433 -0.01754098 0.26367885 -0.28548613 0.0935748 -0.3615102 -0.11255624 -0.09474603 -0.3055275 -0.038538374 0.19788158 0.47670782 0.16664428 0.040587872 -0.27837798 -0.050361857 -0.20502925 -0.3200049 0.05276427 -0.32201102 0.07959709 -0.0937772 -0.01797084 -0.050289873 0.09790578 0.061647087 0.36651492 0.0990151 0.052861795 0.47024915 -0.062093735 -0.04199877 0.38991112 -0.07370634 0.42366084 0.10564409 -0.18527882 0.41095608 -0.050596315 0.20013903 -0.11353938 -0.009015664 0.14075428 -0.05201534 0.018548945 0.2780356 0.050968025 0.09936 0.04054049 0.38151994 0.2828676 -0.13346237 0.2181592 -0.086105034 -0.044849772 0.31438 0.13652965 -0.18628316 -0.32292446 -0.45460674 0.0035615528 -0.35224146 0.047397383 -0.0140754245 -0.119681686 0.42296037 -0.13470155 0.074600294 -0.35659513 -0.20937385 0.18949263 0.04679115 -0.109836325 -0.11601505 -0.12415747 -0.26160777 0.035485007 0.19722685 -0.45271364 -0.07653342 0.012188377 -0.20447993 0.22816223 0.12781592 0.2432415 -0.39716023 0.17169933 0.21074279 -0.058511138 0.08848359 -0.043164276 0.03198443 0.19481535 -0.12892185 -0.083006024 0.004742809 -0.22044837 -0.061804466 -0.21687964 0.31895748 0.2374404 -0.08666354 0.01853049 -0.16136688 -0.09899517 -0.2208944 -0.26548767 -0.08132814 -0.13896626 -0.11358329 -0.17579593 0.0071416777 -0.04295098 -0.2117779 -0.064878605 -0.10290943 -0.19770776 0.18139827 -0.13829038 -0.14972095 0.14891824 0.07572247 0.40439916 0.066475846 0.05310644 -0.11273922 0.4719836 -0.12825783 0.08835799 -0.20695584 -0.24272561 0.1980242 -0.17351796 -0.0416142 0.18900727 -0.59423286 0.4635734 -0.010095044 0.45404372 0.40919814 0.33756924 0.4547526 -0.47982368 0.15624817 0.020867843 -0.25097775 0.1388386 -0.07712129 0.1837831 -0.11675478 0.29182482 0.1157389 -0.3510895 0.00432688 -0.082778946 -0.08394114 0.064927936 -0.10191152 -0.28331447 0.07289272 -0.11228135 -0.2940749 -0.032767117 0.21775062 -0.034276053 0.14899874 0.12810943 0.19934016 -0.44697165 -0.044375245 0.15851621 0.0834282 0.20872366 -0.12821794 -0.200118 0.06585832 -0.1229916 0.056932118 -0.20926993 -0.014099134 -0.27222228 0.08443183 -0.09104143 0.062174845 -0.17184068 -0.18641618 -0.32046565 -0.08230129 0.13495395 0.21916756 0.029143399 0.20392333 -0.117702946 0.039242122 -0.25134045 -0.030467426 -0.20651285 0.2494543 0.21187764 -0.03987124 -0.20179062 0.49281824 0.16867767 0.40390113 -0.20196828 0.16367444 -0.08300453 -0.0033913974 -0.091396034 -0.19772732 -0.121648416 0.1548045 0.06852099 -0.2934467 0.33778507 0.2953457 0.0076613915 -0.2514395 -0.04420929 -0.12935801 -0.0065244157 -0.020788485 -0.059201177 -0.28931454 0.08528708 0.17286871 0.33546698 -0.0052342224 0.010473768 0.05502658 0.16742487 0.21643727 0.010691069 -0.110686146 0.0006984338 0.17539461 -0.03442558 -0.10679977 0.03901425 0.21237843 -0.07468344 -0.10255924 -0.051083557 -0.14088088 -0.040660854 0.03536239 -0.06766509 -0.067398645 0.028858468 -0.08685722 0.32880282 0.28842822 -0.08117729 0.0077563873 -0.24999443 0.084358945 -0.057030354 0.0082745 0.2098096 -0.22808534 -0.20935191 0.08623234 -0.31130332 -0.055279713 -0.009387222 0.57376087 -0.15750135 -0.08931216 0.13581114 0.16908146 0.029039282 -0.403843 0.24739791 -0.02650283 0.18775679 -0.21046294 0.33282048 -0.30907732 0.16615635 0.25550184 0.088336654 -0.44137356 0.11660757 -0.24872926 -0.04845882 0.0012793189 0.18732958 -0.46781856 0.06608873 -0.10838883 -0.33886978 0.3560359 -0.061937846 -0.03563006 -0.40618443 0.043544956 -0.0629767 -0.035891533 -0.054144386 -0.34388906 -0.051772468 -0.1956143 0.3233219 0.1354342 -0.12209286 -0.32329896 0.09941207 -0.17708305 -0.0170012 -0.012392551 -0.37330115 0.024893327 0.1782469 0.2246432 -0.07060999 0.28664866 0.23633231 -0.12326539 -0.3171342 -0.076287106 0.45280465 0.058979344 0.5315262 0.06732426 -0.10158892 0.18735573 0.068127766 -0.041460086 0.09092681 -0.20398146 0.00073217874 0.35812113 -0.17618208 0.26699924 0.0014131136 -0.11824878 -0.23257309 -0.35849342 0.1865692 0.34857264 0.1902118 -0.042845484 0.02672276 -0.024005469 0.28468183 -0.11877951 -0.06572559 0.21712796 0.4181711 0.24846414 0.075632624 0.28684205 -0.008912817 -0.2778681 -0.19767152 0.41225144 0.12615383 -0.024253627 0.23699711 0.022649962 0.24435347 0.16973144 -0.40188923 -0.228376 0.2778727 -0.14532718 -0.0020913244 -0.1011814 0.056513377 -0.06810986 -0.032035477 -0.2558541 -0.039492596 0.25157502 -0.07119732 0.000121575125 -0.13202041 -0.094426885 0.27547452 -0.13735056 -0.053822193 0.27180257 -0.07956972 0.08694747 0.06567084 0.22309977 -0.15212491 0.0034126923 0.06274009 -0.08162788 0.04141939 -0.2549503 -0.20661259 -0.0712871 -0.13037683 -0.023221845 0.05913194 -0.18241742 0.27822176 -0.31907925 -0.11197012 -0.21653341 -0.36807898 -0.050483044 0.006136984 -0.23125237 -0.34871295 0.4231658 0.014919941 -0.25718817 0.29010093 -0.3979975 -0.040483855 -0.34129927 0.39077353 -0.12896158 -0.121694416 -0.15267278 -0.42438716 -0.2764096 -0.030252011 0.0996986 -0.23073068 -0.21989056 -0.34305575 0.009505215 -0.23585653 0.4284163 -0.104047015 0.3017891 -0.009437062 0.29058474 0.12603635 -0.07771985 0.36132783 -0.04128988 0.19525464 0.44032556 0.084965974 -0.22349128 -0.09856765 0.30434033 0.15787391 -0.10527195 -0.16090739 0.15633304 -0.14813004 0.23544315 -0.1202862 0.100149214 -0.24688324 -0.01896962 0.14991792 0.45761418 0.42140815 0.26598963 -0.014192837 -0.4919485 -0.11958791 0.1453848 0.29061195 0.20571873 0.18776752 0.14002752 -0.07485652 0.17812553 0.3034571 -0.08581206 0.33504167 -0.22951676 0.06476838 -0.42602003 0.22712316 -0.08339079 -0.12819782 -0.12425003 -0.018658847 -0.17499627 0.12454059 0.091289 0.0027999254 -0.021342404 0.08115524 0.108835824 -0.055407234 -0.12133058 0.13463068 0.06584928 -0.1029706 -0.14729218 -0.1523691 -0.25443876 0.10649492 -0.058115017 0.17140701 0.031165702 -0.15001863 0.11404738 0.047222946 0.102697894 0.18435001 -0.28344554 0.050780263 -0.10015026 -0.18040471 -0.009733821 0.15212691 0.35805312 0.051410977 0.13139029 -0.08997339 0.13341701 0.31576836 -0.06502995 0.13834506 0.15837373 -0.23504718 0.083555005 -0.3480633 0.19713134 0.20243901 -0.07186687 -0.18801616 0.3409433 0.43918902 0.15820798 -0.16395143 -0.5800074 -0.016333777 -0.061072182 -0.034958698 -0.12048202 -0.15105735 -0.22116534 -0.020808896 0.0975667 -0.14893097 0.21061292 0.27777785 0.3061311 0.27751693 0.052994814 0.03485079 0.24765046 -0.003314809 -0.030421067 -0.18809764 -0.060353987 0.4650885 -0.061559316 -0.12762003 0.09852619 -0.298316 -0.11863005 0.23174292 0.34017578 0.29009733 -0.055159435 0.012866152 -0.26622623 -0.17375273 0.08171135 -0.26327682 0.19018957 -0.4720415 0.00090995687 0.071789205 -0.09331777 -0.04036799 0.11770783 -0.117691495 -0.22651108 0.118822135 0.21952344 0.20939817 -0.38391262 0.013837358 -0.13467471 -0.24317938 -0.24137224 -0.088790394 0.25982714 0.013687574 -0.1101208 0.12036419 0.20700026 0.1178215 -0.03191148 -0.047671817 -0.021157445 0.4401208 0.00074149074 0.17644458 0.10979002 -0.0994183 -0.17347085 -0.05719898 0.005413012 -0.060241893 0.4848362 0.37215188 -0.059111618 -0.28105402 -0.16697451 -0.0010863543 0.161327 0.052329574 -0.39402062 -0.43749776 0.056294642 -0.15707916 -0.06943853 -0.06000992 0.35430366 -0.03320131 -0.40891713 0.061013967 -0.45287964 -0.19373642 -0.13673167 0.2572838 -0.063494846 -0.27370647 -0.10879267 -0.006589702 -0.3524535 0.040289562 -0.10715887 0.35544655 0.096157074 0.11546334 0.34737834 -0.17879274 -0.2373454 0.35880554 -0.32509565 -0.005329171 0.046590764 0.048522696 -0.03202661 -0.022068478 -0.028216641 0.053607844 0.038285024 -0.026388159 -0.030812891 0.047760796 0.053686175 -0.02645584 0.0011880505 0.02717198 -0.019787645 0.34452853 0.27480176 0.26261908 -0.37868506 0.30849853 -0.1434423 1.048565 -0.27647233 0.08735237 -0.099263206 -0.05304635 0.009432487 -0.28898606 -0.25667548 -0.43494898 0.36114663 1.207423e-6

Inputs:
  6   5   5   1  10   5   3   5   4   6,   4   5   5   3   5   5   5   5  10   3,   4   5   7   5   7   5   6   4   4   3,   7   6   4   5   8   2   6   5   3   4,   6   3   6   5   3   4   8   5   4   6,   3   3   2   6   5   4   7   6   7   7,   7   3   1   7   4   7   8   5   3   5,   7   8   5   6   2   6   3   1   4   8,   3   6   3   4   3   4   7   5   6   9,   4   9   9   4   6   2   2   2   6   6,   6   2   9   5   6   2   8   4   3   5,   7   7   6   4   2   6   2   5   4   7,   4   6   8   5   4   2   6   5   5   5,   4   2   6   3   5   7   8   4   7   4,   5   2   4   5   3   8   6   8   5   4,   5   8   2   6   3   6   4   4   6   6,   5   1   6   3   8   8   7   4   5   3,   3   6   4   4   9   3   7   3   5   6,   8   3   4   4   5   5   7   5   3   6,   7   3   4   5   3   5   4   5   9   5,   5   2   7   6   5   3   5   5   6   6,   4   4   4   5   6   4   9   5   6   3,   4   5   9   3   3   5   5   5   6   5,   5   3   7   5   2   5   5   5   6   7,   4   5   2   6   5   4   7   6   5   6,   5   5   4   6   6   5   7   6   1   5,   6   3   8   3   6   6   5   3   6   4,   7   3   7   4   4   2   7   6   3   7,   5   2   6   8   9   1   3   5   3   8,   5   8   6   4   3   4   3   5   6   6,   4   8   6   5   4   6   4   4   5   4,   6  10   4   4   3   4   5   5   3   6,   4   3   5   7   7   7   3   5   4   5,   4   3   6   8   2   3   7   8   4   5,   8   3   5   7   5   1   6   4   6   5,   3   5   6   6   4   2   9   3   7   5,   3   7   7   4   4   5   7   3   5   5,   5   4   6   7   4   5   6   4   5   4,   4   7   4   3   6   4   6   7   6   3,   6   5   3   5   5   4   4   8   5   5,   5   6   6   3   6   7   5   6   2   4,   4   5   5   5   4   5   4   6   7   5,   3   8   6   5   3   5   7   4   4   5,   6   6   5   8   4   7   3   2   3   6,   4   7   7   4   3   4   4   4   5   8,   4   4   6   6   5   7   6   6   3   3,   4   6   4   8   2   6   6   5   5   4,   5   8   6   6   3   3   3   6   3   7,   4   5   8   6   5   2   9   6   2   3,   7   5   7   7   2   8   2   4   3   5,   4   6   4   5   5   6   4   6   3   7,   8   6   5   4   6   4   3   4   5   5,   8   2   3   6   5   3   4   7   9   3,   6   7   4   4   7   7   6   3   4   2,   7   2   6   3   3   5   6   5   6   7,   5   4   7   5   4   3   2   6   7   7,   2   0   4   6   4   8   4   6   5  11,   2   5   6   7   3   6   7   3   6   5,   1   6   3   7   7   5  10   0   4   7,   4   7   3   5   5   8   8   4   4   2,   6   6   4   3   4   5   8   5   3   6,   8   5   4   3   4   4   5   4   6   7,   5   4   5   7   4   4   7   5   6   3,   6   4   5   3   7   5   5   5   4   6,   6   5   7   6   4   4   4   5   5   4,   2   2   3   7   7   2   8   4   5  10,   4   2   4   4   5   7   7   6   7   4,   6   7   4   6   3   5   4   8   2   5,   9   5   4   7   0   2   6   5   6   6,   8   6   5   3   3   1   8   5   5   6,   7   2   6   6   7   3   5   6   3   5,   4   3   4   6   6   6   6   6   5   4,   4   5   7   5   4   5   5   4   7   4,   6  12   3   2   4   5   3   4   8   3,   3   4   7   4   5   5   8   2   6   6,   3   8   6   7   6   3   2   7   4   4,   6   6   2   3   6   4   5   5   8   5,   7   7   6   4   5   8   5   1   5   2,   5   3   5   6   6   5   5   5   6   4,   5   4   7   4   4   5   4   5   7   5,   4   8   9   3   2   4   8   5   3   4,   7   6   6   7   2   3   5   5   3   6,   5   8   4  10   3   4   6   1   4   5,   5   7   4   4   5   7   5   6   2   5,   4   4   2   7   4   6   7   8   5   3,   4   9   5   9   3   6   5   5   3   1,   6   5   6   0   6   3   9   4   5   6,   6   4   6   2   7   3   7   6   5   4,   7   2  10   5   8   6   1   5   3   3,   5   5   5   6   4   7   5   4   4   5,   5   4   2   5   6   5   6   5   9   3,   6   7   5   3   5   4   2   8   5   5,   5   5   5   5   3   4   6   4   6   7,   6   8   2   6   2   5   6   4   7   4,   5   6   5   3   8   4   4   4   5   6,   9   2   7   2   6   4   6   5   3   6,   4   6   5   6   8   3   5   5   4   4,   5   5   8   7   1   5   4   4   5   6,   5   7   5   8   9   3   1   4   6   2,   4   4   7   3   4   9   3   5   5   6,   3   2   8   4   4   3   6   9   6   5,   4   3   7   8   5   7   5   4   4   3,  10   6   8   3   3   4   1   6   5   4,   6   5   6   4   2   6   5   8   4   4,   6   6   6   7   5   6   0   5   4   5,   5   4   4   4   7   9   3   3   7   4,   7   6   6   2   4   3   7   6   5   4,   2   3   3   8   5   3   9   4   8   5,   7   4   5   4   5   5   6   5   4   5,   4   6   4   6   5   5   4   5   6   5,   2   4   5   5   9   6   9   5   4   1,   4   6   7   3   6   4   7   2   6   5,   5   7   4   9   3   7   4   3   3   5,   3   3   6   3   8   4   6   6   6   5,   1   5   3   5   5   5   6   6   7   7,   6   6   5   5   4  10   2   6   3   3,   5   4   6   3   6   6   7   3   3   7,   2   4   7   2   7   5   3   8  10   2,   8   4   4   1   5   7   7   5   6   3,   1   5   5   5   7   5   3   4   8   7,   4   3   5   6   6   7   8   5   4   2,   5   6   6   5   3   4   3   6   5   7,   3   7   3   2   9   4   4   7   2   9,   7   5   4   9   3   5   5   3   4   5,   2   9   5   5   3   6   4   1   6   9,   8   6   1   5   3   2   6   4  10   5,   8   7   8   5   4   4   2   5   4   3,   6   1   3   6   7   6   8   6   3   4,   2   4   7   7   9   6   5   4   1   5,   6   7   7   5   5   3   3   5   5   4,   2   4   5   5   7   6   6   4   5   6,   6   5   2   8   6   5   4   5   6   3,   2   4   5   5   6   6   5   9   6   2,   7   2   6   6   7   3   6   3   4   6,   2   5   5   2   5   6   4   5   8   8,   3   8   5   1   6   5   5   4   9   4,   5   5   4   6   7  10   2   6   2   3,   4   5   5   3   5   8   5   4   7   4,   1   3   5   5   7   4   6   5   6   8,   7   3   6  11   5   6   4   2   3   3,   5   5   9   7   5   4   3   4   4   4,   2   4   6   7   6   5   8   7   3   2,   3   6   8   4   5   5   4   5   4   6,   7   3   6   4   6   4   7   4   5   4,   5   7   6   5   3   5   5   6   4   4,   3   4   5   6   6   4   8   4   5   5,   5   2   5   3   3   5   6   9   7   5,   7   6   6   4   3   6   4   6   4   4,   9   4   1   9   2   6   6   4   5   4,   4   5   5   5   8   6   2   6   4   5,   2   3   5   7   6   5   5   8   6   3,   6   5   5   5   8   4   9   1   3   4,   5   8   6   5   6   4   1   3   6   6,   7   5   3   2   6   4   7   8   6   2,   6   4   1   3   4   2   4  10  12   4,   7   6   6   4   5   3   7   3   5   4,   5   4   6   5   3   7   3   5   3   9,   5   8   4   2   2   6   3   9   3   8,   5   5   1   5   6   3   5   8   7   5,   5   6   5   6   5   5   5   4   5   4,   5   6   4   5   7   5   4   4   5   5,   7   5   8   4   2   4   4   3   4   9,   5   8   6   4   5   3   4   6   5   4,   4   5   3   6   8   7   2   6   6   3,   3   9   3   5   5   5   5   5   3   7,   2   7   7   6   4   7   4   5   3   5,   6   4   6   6   3   6   4   5   4   6,   6   5   8   6   5   4   2   6   1   7,   8   9   8   4   1   1   7   3   7   2,   3   8   3   6   5   7   4   4   4   6,   5   5   9   7   5   5   1   5   4   4,   7   5   7   7   5   4   3   1   5   6,   6   7   2   6   5   5   5   6   3   5,   3   4   6   4   6   5  10   6   0   6,   4   8   6   6   4   6   2   6   2   6,   4   5   4   6   5   5   5   4   7   5,   3   4   6   4   5   7   7   5   6   3,   5   1   5   9   5   7   1   3   4  10,   2   6   4   8   5   5   4   7   4   5,   6   3   5   5   8   6   7   4   4   2,   5   6   4   6   2   7   2   6   7   5,   6   5   2   5   4   8   4   4   7   5,   5   5   5   9   5   4   5   3   4   5,   5   4   7   5   2   7   2   7   6   5,   7   4   6   7   2   4   9   6   3   2,   4   4   7   4   6   4  10   5   5   1,   7   4   6   2   4  11   2   5   3   6,   7   6   3   2   3   5   5   6   8   5,   3   1   4   9   5   7   7   4   2   8,   2   3   7   8   7   5   6   5   5   2,   3   6   4   5   8   6   7   2   5   4,  10   7   5   2   9   4   1   2   5   5,   6   3   4   4   5   6   6   4   4   8,   7   3   4   5   6   6   4   6   5   4,   4   6   6   4   8   7   5   5   3   2,  10   6   5   1   4   3   4   2   7   8,   5   4   5   3   6   2   5   7   9   4,   5   4   5   7   3   6   3   9   3   5,   0   1   5   5   5   7   8   8   5   6,   3   3   3   6   5   7   3   8   7   5,   3   2   2   5   5   4   5  12   6   6,   5   6   6   4   5   4   5   5   5   5,   7   4   5   4   5   7   5   6   5   2,   4   5   8   3   5   6   3   6   7   3,   4   5   7   3   8   3   5   5   4   6,   8   6   7   5   5   5   0   5   6   3,   4   4   4   7   3   9   7   3   5   4,   8   5   2   6   5   7   3   7   4   3,   7   4   6   6   4   4   2   6   8   3,   1   6   6   6   6   6   6   4   3   6,   5   3   6   2   5   6   4   6   8   5,   7   5   3   5   3   6   6   6   5   4,   3   5   5   3   8   7   4   4   5   6,   7   5   7   5   3   6   4   5   5   3,   2   6   7   2   4  10   3   5   4   7,   8   4   7   4   3   5   5   5   4   5,   5   3   6   6   7   2   6   4   5   6,   6  10   5   4   7   5   2   4   3   4,   2   2   4   4   3   3   8   9   9   6,   6   6   5   6   4   2   7   4   5   5,   2   5   9   6   9   7   5   1   5   1,   4   4   4   9   3   7   6   2   4   7,   3   3   5   3   7   5   7   4   6   7,   6   4   5   7   6   4   5   6   4   3,   5   5   4   7   2   9   3   7   2   6,   3   2   6   3   6   6   7   3   4  10,   4   2   3   7   5   7   4   6   5   7,   4   5   6   2   5   6   4   5   9   4,   3   9   4   7   7   5   5   4   3   3,   7   5   4   5   2   4   3   6   5   9,   3   6   3   6   7   3   8   2   6   6,   7   5   3   7   5   3   6   4   4   6,   5   5   3   8   6   5   6   4   4   4,   6   5   4   3   5   7   8   3   6   3,   6   5   4   5   6   6   5   4   5   4,   6   4   4   6   3   6   4   5   4   8,   4   6   4   2   8   1   6   4   8   7,   5   6   3   7   2   2   7   4   7   7,   2   5   5   7   4   3   4   6   8   6,   3   4   3   6   6   5   6   4   9   4,   6   7   5   5   4   4   5   5   4   5,   5   5   6   4   7   6   4   6   3   4,   7   3   5   4   6   3   3   6   6   7,   8   1   5   5   5   5   6   8   4   3,   2   2   6  10   9   6   8   1   2   4,   6   8   7   5   4   3   3   8   1   5,   5   1   8   7   6   7   4   2   2   8,   3   8   2   5   5   4   5   7   6   5,   3   3   3   2   4   9   5  11   4   6,   3   6   4  10   5   4   4   4   5   5,   3   3   5   6   5   6   6   5   6   5,   7   3   5   5   6   5   0   6   9   4,   8   4   3   4   5   4   6   7   5   4,   7   4   5   8   4   6   3   5   2   6,   6   4   6   3   7   3   6   5   6   4,   4   4   5   5   7   8   3   5   4   5,   6   7   4   3   5   3   4   6   6   6,   6   7   2   3   4   3   6   8   5   6,   5   5   6   6   5   3   3   7   5   5,   4   8   4   6   6   6   5   3   4   4,   7   3   6   5   9   4   4   4   2   6,   7   3   4   6   5   4   8   4   5   4,   7   6   5   7   4   2   4   4   4   7,   4   8   5   3   3   4   4   5   7   7,   4   8   7   7   4   6   5   5   2   2,   2   8   3   7   5   9   3   3   4   6,   6   5   7   8   3   5   1   2   3  10,   1   5   4   5   5  10   5   6   7   2,   2   6   4   4   6   3   9   8   3   5,   6   1   3   5   2   6   7   5   6   9,   4   4   3   5   7   6   8   5   6   2,   7   5   7   5   3   7   4   4   2   6,   6   5   3   5   5   7   3   5   3   8,   4   4   6   6   6   9   2   4   4   5,   9   4   8   3   2   5   7   4   2   6,   5   5   4   5   4   6   4   5   4   8,   3   5   4   6   6   6   4   7   6   3,   2   5   6   6   6   5   5   6   6   3,   4   4   4   5   5   9   5   8   4   2,   8   5   5   9   8   4   1   4   4   2,   5   5   3   3   3   6   5  10   5   5,   3   3   5   4   5   5   7   4   7   7,   5   9   3   9   6   2   4   3   3   6,   6   7   6   2   3   3   9   6   3   5,   5   5   4   8   5   4   5   7   3   4,   1   6   4   4   4   7   6   7   5   6,   5   8   5   6   7   1   4   4   5   5,   4   4   5   6   8   7   2  11   1   2,   3   4   5   7   3   4   6   7   3   8,   4   4   8   4   3   5   4   5   5   8,   6   8   7   3   3   2   3   6   5   7,   5   7   7   6   3   4   6   3   3   6,   6   6   7   3   5   6   7   4   1   5,   6   6   3   5   5   5   3   6   6   5,   3   6   4   5   2  10   5   8   7   0,   3   5   3   9   7   5   9   4   2   3,   5   5   6   4   7   7   7   2   4   3,   5   3   6   4  11   4   5   2   6   4,   5   6   5   6   5   1   5   5   7   5,   7   2   4   3   4   6   5   9   3   7,   4   3   3   7   6   6   7   3   6   5,   6   5   5   1  13   6   5   2   6   1,   5   2   6   4   6   7   3   4   7   6,   4   7   5   5   4   4   3   6   3   9,   4   7   4   6   5   7   4   6   1   6,   3   7   7   6   4   4   7   4   5   3,   8   5   4   6   6   3   6   6   4   2,   5   4   7   6   6   5   3   4   6   4,   6   8   5   9   4   5   2   3   4   4,   7   4   5   4   4   4   6  10   4   2,   7   4   4   5   4   4   7   5   4   6,   6   4   7   5   4   4   2   6   7   5,   5   4   5   6   5   8   4   4   6   3,   4   3   7   3   3  10   5   4   6   5,   4   5   6   3   7   5   6   3   7   4,   7   5   5   2  10   2   4   6   4   5,   8   0   3   1   7   7   4   6   6   8,   3   9   5   5   3   5   6   5   5   4,   8   8   2   3   2   4   6   2   8   7,   6   2   6   4   3   8   7   3   6   5,   5   3   8   4   8   3   3   5   4   7,   4   5   5   4   2   7   5   7   5   6,   4   6   3   7   1   6   8   4   4   7,   4   1   3   5   7   6   4   8   4   8,   4   4   6   9   4   4   4   8   3   4,   3   3   2   5   5   6   4  10   8   4,   6   5   6   6   4   6   1   5   4   7,   5   4   6   3   6   4   2   6  10   4,   1   7   2  11   7   4   6   5   7   0,   6   3   4   6   2   8   2   4   7   8,   6   7   5   3   5   4   4   4   7   5,   4   8   4   7   5   4   3   7   4   4,   4   9  11   1   4   4   5   5   0   7,   5   3   2   7   6   6   4   8   6   3,   4   5   6   8   3   3   8   2   5   6,   4   4   6   6   6  10   5   3   3   3,   3   5   5   5   7   6   4   4   7   4,   5   3   2   5   4   6   5   9   7   4,   4   1   6   4   7   6   5   5  10   2,   6   2   6   5   8   6   6   7   2   2,   7   7   7   6   2   6   1   5   5   4,   6   6   5   6   5   6   4   4   5   3,   4   5   6   7   5   4   4   6   5   4,   6   7   6   3   4   5   5   5   4   5,   6   9   3   4   4   3   8   4   4   5,   5   3   8   4   1   7   9   5   7   1,  10   5   5   7   7   2   4   1   4   5,   2   6   4   6   4   5   6   6   4   7,   1   5   3   4   2   7   5   7   8   8,   5   6   8   5   7   3   4   5   3   4,   8   8   4   5   3   4   3   6   5   4,   3   4   1   6   9   6   6   3   6   6,   4   3   5   2   7   6   5   8   7   3,   6   4   5   5   9   5   3   3   4   6,   4   7   6   6   1   4   4   5   4   9,   8   2   8   2   4   5   6   4   7   4,   3   3   5   4   5   7   6   5   7   5,   8   5   6   7   8   1   2   2   7   4,   9   4   3   2   1   4   6   4   7  10,   4  11   5   4   1   3   4   6   5   7,   4   1   3   6   8   8   8   4   5   3,   7   4   7   4   3   5   3   5   6   6,   6   6   6   7   5   4   3   6   3   4,   5   3   7   2   7   7   6   4   5   4,   3   3   3   5   4   6  12   5   5   4,   3   1   4   5   6   8   7   4   5   7,   6   3   2   7   4   8   4   7   5   4,   4   6   6   4   5   6   2   5   6   6,   7   5   3   2   8   5   7   3   5   5,   8   6   4   3   6   3   6   3   7   4,   2   4   7   8   5   5   6   5   3   5,   7   6   0   9   5   3   6   7   4   3,   5   7   5   5   6   5   6   4   6   1,   8   5   2   4   2   4   6   7   6   6,   5   3   3   5   7   5   7   3   6   6,   4   7   4   2   5   5   4   5   5   9,   6   6   6   4   6   5   3   4   6   4,   5   1   5   4   5   7   6   6   8   3,   7   5   8   6   5   4   3   3   3   6,   3   4   5   2   5   7   3   6   9   6,   3   8   7   5   4   6   4   5   1   7,   7   4   5  10   6   3   5   2   4   4,   3   6   7   7  10   4   3   2   5   3,   7   2   5   4   6   5   7   4   6   4,   7   8   9   2   7   4   1   2   3   7,   4   1   9   2   5   5   4   6   7   7,   6   5   2   4   3   5   7   7   6   5,   7   3   5   4   7   3   7   6   6   2,   4   4   2   7   6   7   4   5   4   7,   2   4   2   5  10   4   7   9   0   7,   9   8   9   4   5   1   7   2   3   2,   4   6   4   3   5   5   4   7   5   7,   5   4   4   6   6   5   5   4   3   8,   6   6   6   9   3   2   5   5   4   4,   6   5   3   5   3   4   5   6   9   4,   5   5   6   3   3   9   2   9   5   3,   5   4   4   4   5   8   3   5   8   4,   4   3   6   5   7   8   6   5   4   2,   3   6   5   8   5   3   5   4   5   6,   7   5   7   4   4   5   2   4   7   5,   3   5   4   9   5   5   4   5   4   6,   7   7   3   4   5   6   7   4   4   3,   8   4   7   4   4   1   4   2   8   8,   4   4   7   5   8   5   5   3   4   5,   5   8   6   3   4   6   2   6   5   5,   7   2   7   3   5   5   3   5   6   7,   7   6   4   6   5   7   4   4   3   4,   4   5   4   4   8   6   3   6   5   5,   4   4   4   6   5   6   5   5   5   6,   1   6   4   5   6   5   6   5   6   6,   6   2   4   6   6   4   5   8   3   6,   4   5   4   6   4   6   3   7   7   4,   5   3   2   5   7   5   3   9   7   4,   4   4   4   4   6   6   9   4   5   4,   4   4   4   5   8   6   7   5   4   3,   3   5   4   3   5   5   8   5   7   5,   5   9   3   6   3   5   6   2   8   3,   2   4   4   4   2   4   6   3  10  11,   7   7   3   3   5   6   6   4   6   3,   6   2   6   5   5   5   8   4   6   3,   3   5   8   3   6   4   4   3   4  10,   7   1   7   3   5   7   4   5   5   6,   6   6   4   5   6   5   2   8   4   4,   1   8   5   5   7   5   3   5   6   5,   4   7   8   4   4   5   2   4   7   5,   4   3   5   7   6   5   6   2   5   7,   5   7   3   7   4   3   6   4   6   5,   3   7   3   6   5   3   6   2   8   7,   4   4   6   3   2   5   6   7   6   7,   7   6   5   8   3   2   5   4   8   2,   7   2   6   4   6   7   4   5   3   6,   7   6   1   4   5   5   3   4   8   7,   6   6   4   6   5   7   2   6   5   3,   6   4   6   4   3   4   4   8   4   7,   7   6   4   3   9   5   4   2   7   3,   3   3   3   9   2   5   5   9   5   6,   4   7   5   6   4   6   6   4   6   2,   2   7   6   4   5   6   5   4   5   6,   5   8   7   0   4   2   4   4   7   9,   5   8   2   8   4   4   4   7   5   3,   6   4   6   7   7   3   5   5   4   3,   5   6   5   6   9   1   2   8   1   7,   2   5   2   2   8  11   9   1   5   5,   1   8   6   7   4   6   6   1   6   5,   5   3   4   6   6   7   4   4   4   7,   7   7   4   0   6   7   4   4   4   7,   3   1   6   6   6   7   6   4   5   6,   4   5   3   9   4   8   7   0   6   4,   4   5   4   3   5  10   6   7   6   0,   5   5   1   6   5   7   3   7   6   5,   4   6   4   6   4   4   5   5   7   5,   5   8   6   6   5   3   7   4   2   4,   7   5   5   5   7   3   5   4   4   5,   8   7   6   2   4   6   5   3   4   5,   6   5   4   3   6   7   7   7   3   2,   7   5   0   5   3   6   8  10   2   4,   8   2   5   3   7   5   3   5   8   4,   5   8   6   4   0   6   6   4   4   7,   6   2   3   5   2   6   4   6   8   8,   3   4   4   4   5   9   2   9   6   4,   5   6   6   7   3   3   5   6   2   7,   3   7   6   5   5   4   3   5   8   4,   3   5  10   4   3   3   6   7   4   5,   3   7   5   6   4   5   4   5   4   7,   2   7   5   2   4   6   6   8   8   2,   7   3   6   9   5   4   5   3   4   4,   4   5   4   6   3   4   4   4   6  10,   4   8   3   8   4   5   7   1   4   6,   3   5   6   3   3   8   6   5   5   6,   7   5   6   4   4   7   5   2   7   3,   4   4   5   4   4   7   7   5   3   7,   7   6   7   3   3   3   6   4  10   1,   2   5   6   4   3   3   5   6   7   9,   5   6   4   3   4   7   7   4   6   4,   5   7   4   6   4   5   3   5   5   6,   7   5   7   4  10   3   2   5   4   3,   5   2   5   5   5   4   8   6   5   5,   4   5   3   7   4   7   3   5   3   9,   3   1   5   5   4   8   4   8   6   6,   6   5   4   5   4   4   4  10   2   6,   3   4   5   5   6   9   3   7   2   6,   6   6   3   4   2   6   7   7   4   5,   8   5   6   5   7   5   6   2   2   4,   8   2   4   6   5   7   9   3   3   3,   5   2   8   3   9   3   6   8   3   3,   7   4   7   8   4   3   4   5   7   1,   3   8   3   3   4   5   7   8   2   7,   3   7   6   6   4   3   9   4   4   4,   5   4   6   2   5   5   5   4   9   5,   3   6   3   7   6   5   3   2   8   7,   4   7   5   6   1   4   5   7   5   6,   3   7   3   6   8   3   6   5   4   5,   5   7   4   4   7   2   6   4   7   4,   7   5   5   6   5   5   6   4   2   5,   6   6   3   5   6   5   4   5   6   4,   5   5   4   8   5   2   7   7   4   3,   6   4   5   6   8   6   2   5   2   6,   7   4   4   4   4   4   7   6   5   5,   4   4   4   8   4   5   8   3   5   5,   6   5   4   8   4   3   4   4   7   5,   9   4   3   2   3   5   7   6   7   4,   4   8   2   5   6   6   1   5   6   7,   4  10   5   3   2   7   4   5   7   3,   7   9   4   5   2   5   3   7   0   8,   5   4   5   4   3   5   4   9   8   3,   6   7   6   4   4   4   6   3   6   4,   4   6   4   5   5   5   5   7   2   7,   6  11   3   4   7   5   3   4   3   4,   6   7   4   7   2   5   2   4   5   8,   7   7   3   7   4   3   6   6   4   3,   7   6   5   2   6   5   5   4   5   5,   3   5   8   6   6   2   5   4   4   7,   4   5   5   5   5   5   6   4   8   3,   3   4   8   8   6   5   5   5   4   2,   8   5   7   4   5   7   3   2   6   3,   5   3   8   4   4   5   4   7   7   3,   5   4   5   3   8   6   5   5   4   5,   1   5   7   4   5   6   4   5   5   8,   6   6   2   5   6   7   5   5   4   4,   2   7   3   6   7   5   6   4   4   6,   5   5   4   6   4   2   8   4   6   6,   5   4   6   7   5   5   6   4   1   7,   4   4   4   6   6   5   5   6   6   4,   8   1   3   7   4   3   6  10   4   4,   4   7   5   7   5   3   3   3   3  10,   1   2   6   6   6   8   4   5   7   5,   2   4   3  10   5   8   6   7   2   3,   4   4   6   4   7   7   6   3   5   4,   7   6   4   9   3   5   2   3   3   8,   3   7   8   8   5   2   5   4   5   3,   6   3   3   6   5   5   6   9   4   3,   4   4   5   9   6   8   5   3   5   1,   5   4   3   6   4   6   8   3   6   5,   3   6   6   3   7   4   4   5   5   7,   4   4   1   7   5   4  10   5   3   7,   3   4   7   9   6   5   4   5   1   6,   3   4   1   6   7   3  12   8   5   1,   4   2   5   5   4   6   6   5   5   8,   5   5   6   3   7   6   7   5   3   3,   3   4   3   7   7   4   4   5   5   8,   3   3   4   3   6   6   5   9   9   2,   6   5   9   5   5   3   3   5   6   3,   8   3   5   7   7   3   3   6   4   4,   6   2   3   4   5   2   9   6   9   4,  11   0   4   1   5   4   9   5   6   5,   7   2   4   4   6   7   5   8   1   6,   3   6   3   4   6   6   4   3   6   9,   4   4   4   2   6   5   7   8   5   5,   7   2   8   2   6   3   5   7   6   4,   5   4   5   4   4   9   4   5   7   3,   4   4   3   6   5   8   3   5   5   7,   8   6   6   2   7   4   6   2   4   5,   5   5   5   5   8   5   5   5   3   4,   5   3   4   8   3   6   7   7   3   4,   2   3   6   3   7   6   6   7   5   5,   6   5   5   7   6   8   1   3   4   5,   8   4   5   4   6   6   2   4   7   4,   6   3   4   7   2   7   5   7   4   5,   4   6   5   8   3   8   2   5   4   5,   3   8   5   5   3   6   4   7   4   5,   5   4   4   5   5   6   4   6   4   7,   3   4   4   6   6   4   5   6   5   7,   4   5   3   3   5   5   4   6   7   8,   8   2   3   9   5   4   4   6   4   5,   3   5   4   4   7   4   5   5   7   6,   7   7   9   4   6   0   4   5   4   4,   7   7   6   7   2   3   4   4   3   7,   7  10   3   5   8   1   7   2   6   1,   5   8   8   6   1   7   6   2   2   5,   0   8   3   6   8   8   0   6   5   6,   5   4   6   7   3   8   3   5   5   4,   8   5   5   7   4   2   4   3   5   7,   5   8   3   5   5   3   7   6   3   5,   4   3   8   8   4   8   3   3   6   3,   5   5   6   3   7   5   5   5   7   2,   7   5   3   7   5   3   3   5   5   7,   5   8   4   8   4   6   4   2   4   5,   4   6   5   2   5   3   6   4   6   9,   4   9   8   5   5   4   1   6   2   6,   5   6   4   6   6   4   4   4   4   7,   6   6   2   6   5   7   2   6   5   5,   7   3   7   3   5   5   7   3   6   4,   6   7   6   2   5   2   6   4   4   8,   4   6   8   2   5   7   6   4   3   5,   5   2   8   1   5   6   6   6   5   6,   4   6   6   5   6   9   1   4   4   5,   3   7   8   9   5   6   2   5   5   0,   5   3   6   5   3   6   3   6   8   5,   4   2   6   3   7   7   7   4   6   4,   4   5   4   4   9   5   6   4   7   2,   5   6   3   5   7   5   6   4   5   4,   4   5   6   5   6   2   3   6   6   7,   4   6   6   6   4   4   4   5   8   3,   3   7   3   3   7   3   5   4   7   8,   5   7  10   5   4   4   3   4   3   5,   5   9   4   6   4   3   5   4   6   4,   8   6   6   4   1   6   2   7   6   4,   3   6   5   5  10   5   5   4   4   3,   4   7   5   6   2   3   6   3   6   8,   5   6   5   3   4   3   5   4   5  10,   8   4   6   4   4   3   2   6   6   7,   3   7   3   8   6   6   0   5   8   4,   6   4   2   6   3   4   4   7   8   6,   6   4   9   7   9   4   4   2   2   3,   5   7   5   6   6   2   4   4   6   5,   5   8   2   4   3   0   6   4   9   9,   8   7   4   5   4   5   3   5   3   6,   5   4   4   3   4   5   3   6  10   6,  10   4   4   6   4   4   5   8   2   3,   3   6   6   4   5   7   3   7   4   5,   4   4   4   4   3   6   6   8   3   8,   7   6   3   7   3   5   2   8   4   5,   5   5   4   7   4   6   6   5   6   2,   2   7   8   5   1   4   7   4   7   5,   6   9   4   2   3   3   3   5   7   8,   4   6   5   9   5   4   6   4   4   3,   5   5   4   6   4   9   5   6   2   4,   4   6   4   4   5   5   7   5   5   5,   5   6   6   6   4   4   5   3   6   5,   4   3   4   5   5   5   6   5   7   6,   5   5   5   7   5   3   7   6   4   3,   4   4   3   5   6   7   8   5   4   4,   5   7   8   3   3   6   3   5   4   6,   4   2   6   3   8   3   8   5   5   6,   7   4   6   6   5   4   6   5   2   5,   5   5   4   5   5   7   4   2   8   5,   5   3   5   5   5   4   9   2   3   9,   5   4   3   2   7   5   7   7   9   1,   6   4   1   9   8   2   2   6   6   6,   2   4   6   7   6   4   7   5   4   5,   6   7   3   5   5   5   4   4   4   7,   5   4   7   9   7   4   6   1   3   4,   3   8  10   4   3   6   5   6   2   3,   4   5   5   7   7   6   7   3   3   3,   6   5   2   8   2   4   4   8   5   6,   2   7   5   3   9   5   4   3   5   7,   4   6   4   6   6   5   5   5   5   4,   5   6   3   5   4   8   3   5   5   6,   6   7   6   4   4   5   4   2   7   5,   3   4   6   5   7   2   5   5   6   7,   5   6   6   6   3   4   7   6   2   5,   8   4   2   5   5   4   4   7   7   4,   7   4   8   4   4   8   1   5   4   5,   4   5   7   3   6   5   6   5   4   5,   8   4   5   4   5   7   2   4   4   7,   4   5   7   7   6   7   4   2   3   5,   2   9   2   6   7   5   5   4   6   4,   3   5   4   7   2   7   7   4   3   8,   4   5   4   6   6   6   3   7   5   4,   9   6   5   9   1   6   1   4   6   3,   8  10   4   3   3   5   4   5   3   5,   6   6   4   5   8   4   4   5   3   5,   4   4   4   6   6   4   6   5   5   6,   9   5   8   5   4   2   4   2   6   5,   5   8   5   8   4   4   2   5   5   4,   5   4   5   7   9   6   5   0   4   5,   3   4   7   4   6   5   7   6   5   3,   8   4   8   5   4   5   4   4   5   3,   8   3   2   3   5   5   6   6   7   5,   4   4   4   6   3   6  10   4   4   5,   6   3   7   3   3   8   5   6   5   4,   5   3   3   3   4   7   6   6   7   6,   7   3   7   3   4   5   5   6   7   3,   3   1   4   3   6   7  10   9   4   3,   5   4   5   4   7   5   4   5   4   7,   5   6   6   6   7   4   4   5   4   3,   5   4   2   3   3  10   7   5   7   4,   3   8   5   2   4   4   7   4   6   7,   6   7   5   4   4   6   7   0   6   5,   3   5   5   7   5   4   5   5   4   7,   5   4   5   2   8   7   7   6   4   2,   3   3   7   4   4   6   5   7   5   6,   6   6  11   6   2   2   4   3   5   5,   2   3   6   5   7   7   5   9   2   4,   9   3   3   6   6   6   9   3   1   4,   5   3   4   4   9   2   7   7   3   6,   3   4   7   5   6   7   5   5   3   5,   7   5   6   4   3   4   5   6   3   7,   7   4   6   5   5   4   1   7   5   6,   2   6   6   5   3   7   5   7   5   4,   4   5   4   7   4   7   7   5   2   5,   5   3   7   5   5   4   6   4   5   6,   7   1   6   4   3   6   6   7   6   4,   6   8   6   4   8   5   2   4   4   3,   6   8   5   2   3   7   3   4   7   5,   8   2   7   3   2   4   7   4   7   6,   4   7   7   6   5   2   2   5   5   7,   5   5   5   2   4   3   5   6   5  10,   6   6   9   1   3   4   3   4   6   8,   6   3   6   5   5   5   5   5   4   6,   4   5   6   5   5  10   5   3   2   5,   5   5   6   5   7   7   2   2   7   4,   7   2   5   6   6   5   5   5   8   1,   5   4   5   5   6   4   7   6   5   3,   4   8   4   6   3   0   5   9   5   6,   6   5   4   1   5   4   8   7   8   2,   3   9   6   5   6   8   3   2   4   4,   3   7   5   6   7   6   6   3   6   1,   3   8   6   3   7   4   6   6   4   3,   6   4   2   5   5   6   5   6   3   8,   3   4   4   7   6   8   7   5   2   4,   7   4   7   8   2   5   4   4   6   3,   5   3   6   7   7   3   5   4   3   7,   6   4   7   2   5   4   6   7   5   4,   5   5   6   4   7   7   2   9   2   3,   5   2   4   7   4   3   8   8   5   4,   5   3   7   3   4   6   7   6   6   3,   6   5   2   6   2   5  10   6   4   4,   8   3   5   2   4   5   4   6   6   7,   5   3   3   5   7   4   6   6   4   7,   6   6   5   9   5   5   7   2   3   2,   6   5   4   8   6   6   3   1   4   7,   5   8   4   5   3   5   4   5   4   7,   4   4   5   4   6   5   8   9   4   1,   5   5   4   7   5   5   5   3   7   4,   2   6  11   5   7   2   4   4   4   5,   6   4   3   5   3   9   5   5   4   6,   5   5   7   4  10   2   5   4   4   4,   5   6   3   6   2   8   2   6   6   6,   5   5   2   5   9   2   6   7   4   5,   7   6   7   4   7   6   1   4   3   5,   8   4   5   5   5   2   5   4   5   7,   5   4   5   3   5   5   4   5   7   7,   8   7  11   5   3   4   3   6   0   3,   6   2   6   3   4  10   6   5   6   2,  11   0   1   3   5   6   8   9   3   4,   4   7   6   2   5   5   6   5   6   4,   5   4   6   4   8   1   4   3  10   5,   5   7   4   6   2   6   3   4  10   3,   5   7   3   4   5   4   8   7   1   6,   4   3   4   5   2   6   4   8   5   9,   3   6   5   4   7   2   6   5   5   7,   4   6   5   4   4   6   6   7   3   5,   4   4   7   5   1   9   4   3   8   5,   5   6   4   5   5   4   5   6   4   6,   2   7   6   5   2   4   4   5   8   7,   3   7   5   4   6   4   6   4   3   8,   3   5   6   5   7   6  10   0   4   4,  10   3   5   4   4   5   6   4   7   2,   4   5   3   6   7   6   7   4   4   4,   1   5   7   7   4   3   4   8   4   7,   5   5   8   3   5   8   4   5   1   6,   4   7   3   4   9   6   4   4   6   3,   5   6   5   6   8   4   3   2   7   4,   4   6   2   4   6   6   4   8   3   7,   4   7   3   4   4   7   4   6   6   5,   8   3  10   2   2   7   4   3   8   3,   4   4   5   6   5   6   5   7   3   5,   6   5   5   4   5   5   6   6   3   5,   7   9   2   1   5   5   5   6   6   4,   4   3   6   2   4   6   4   6   9   6,   8   4   5   7   4   4   7   1   7   3,   7   4   7   3   8   3   3   6   4   5,   3   5  11   6   6   5   4   2   5   3,   6   1   7   3   5   7   5  11   2   3,   6   5   5   5   5   5   3   5   4   7,   8   3   4   5   7   5   5   4   3   6,   4   5   7   6   6   4   3   4   6   5,   4   7   2   5   5   3   5   3   7   9,   9   0   4   5   5   5   5   5   6   6,   3   5   6   2   7   5   6   3   6   7,   6   2   4   5   3   7   3   7   6   7,   7  10   3   6   4   3   4   3   4   6,   6   5   5   7   9   5   7   2   3   1,   8   3   6   6   3   4   2   5   6   7,   6   5   6   5   5   5   3   6   5   4,   4   6   4   6   5   4   6   6   5   4,   6   9   1   7   1   4   5   6   7   4,   5   4   6   8   7  11   3   5   1   0,   5   7   4   4   6   3   7   4   3   7,   3   6   6   5   3   5   4   4   8   6,   5   4   4   6   6   5   5   4   4   7,   5   4   4   6   6   3   3   3   6  10,   4   4   5   7   4   8   4   3   4   7,   4   4   4   6   8   5   6   8   3   2,   3   3   7   4   4   4   8   4   7   6,   7   2   2   9   8   5   4   2   6   5,   8   3   5   6   3   5   6   3   5   6,   4   8   5   6   4   4   2   7   4   6,   6   7   5   5   6   4   3   3   6   5,   5   5   7   5   6   2   6   4   6   4,   2   3   7   3   5   6   4   5   7   8,   3   5   4   5   6   4   7   6   7   3,   9   5   5   2   5   7   4   3   5   5,   2   5   5   2   6   4   8   5   3  10,   6   4   3   6   7   6   4   6   4   4,   5   5   4   4   7   5   6   5   5   4,   9   2   6   2   5   6   5   4   6   5,   6   6   5   3   6   6   2   6   4   6,   2   4  10   6   7   5   0   6   5   5,   9   3   6   6   5   5   2   2   7   5,   5   3   8   4   5   2   6   4   6   7,   5   2   9   3  11   5   2   5   2   6,   2   4   5   5   3   8   3   8   6   6,   5   3   4   4   5   6   5   5   7   6,   5   1   3   5   6   6   5   8   8   3,   2   3   0   8  11   7   8   6   3   2,   8   3   4   5   5   3   3   6   7   6,   5   3   4   5   5   5   6   5   8   4,  10   2   6   3   7   7   6   2   4   3,   9   6   9   3   5   7   1   5   3   2,   6   4   5   7   5   6   6   1   4   6,   4   6   8   5   6   6   3   2   5   5,   5   5   7   1   3   7   3   7   7   5,   5   3   7   3   5   3   9   7   4   4,   8   3   5   8   7   3   4   4   5   3,   5   3   3   6   6   8   4   9   3   3,   3   5   6   7   9   6   4   5   2   3,   6   6   5   4   4   5   4   5   5   6,   2   5   3   5   7   6   7   4   5   6,   5   8   5   9   4   6   3   3   3   4,   4   5   5   3   7   3   6   5   8   4,   6   3   6   5   5   9   3   5   5   3,   3   4   4   7   7   3   8   7   4   3,   4   6   6   5   5   6   5   6   4   3,   5   3   2   6   4   5   5   4  11   5,   3   4   5   5   4   8   4   6   6   5,   1   6   2   6   4   5   6   8   7   5,   5   6   7   6   7   9   3   1   2   4,   6   5   6   3   3   5   7   3   2  10,   7   3   5   2   6   6   3   6   7   5,   5   6   8   4   3   6   3   6   4   5,   5   5   5   4   7   3   3   7   5   6,   6   4   5   9   3   3   4   5   5   6,   7   2   3   4   5   6   2   9   7   5,   1   7   5   6   3   7   5   4   8   4,   4   5   5   7   6   6   6   5   4   2,   6   4   5   4   4   5   5   5   5   7,   5   6   5   7   3   3   7   5   5   4,   4   7   7   3   4   8   5   4   2   6,   4   9   5   3   8   4   5   5   2   5,   3   4   5   5   4  12   4   8   4   1,   7   5   5   6   6   2   7   3   6   3,   7   4   6   5   6   3  10   3   4   2,   5   7   3   3   7   5   6   5   4   5,   4   1   6   3   5   3   9   6   5   8,   5   4   3   6   7   5   6   5   4   5,   4   6   5   4   5   4   6   5   4   7,   7   5   4   1   3   7   4   9   6   4,   5   5   6   5   6   7   6   1   4   5,   6   5   6   4   5   4   5   3   8   4,   5   5   4   8   6   4   5   3   3   7,   4   6   5   0   5   6   7   8   3   6,   3   3   7   4   5   5   3   9   4   7,   2   7   9   7   7   5   3   1   3   6,  10   2   1   5   5   3   6   6   8   4,   5   6   5   8   3   4   4   5   4   6,   2   7   5   4   3   5   4   7   3  10,   5   4   9   4   5   3   5   4   6   5,   9   6   5   4   5   3   3   7   5   3,   3   4   6   7   6   6   3   6   4   5,   5   9   3   1   3   6   6   3   5   9,   8   4   7   6   5   6   3   5   4   2,   5   3   7   3   5   5   2  10   6   4,   6   3   4   3   5   7   5   3   7   7,   4   4   5   5   5   9   5   4   4   5,   8   5   6   6   3   5   4   4   4   5,   4   5   5   3   7   7   8   0   7   4,  11   2   4   4   3   2   5   6   6   7,   6   4   2   7   6   4   3   5   6   7,   3   3   5   6   4   9   3   7   3   7,   7   8   3   6   5   7   3   4   3   4,   8   4   6   5   9   4   3   6   1   4,   5   7   3   2   3   6   5   6   6   7,   8   6   3   5   5   4   4   3   4   8,   4   4   4   5   8   8   4   5   6   2,   5   6   7   6   3   8   2   2   3   8,   7   3   5   6   7   8   4   2   3   5,   2   7   4   4   5   4   4   6   9   5,   3   6   6   4   4   6   3   6   7   5,   7   7   5  10   4   2   3   5   2   5,   8   2   4   5   4   5   6   5   9   2,   7   2   5   9  10   4   4   3   4   2,   4   4   6   3   3   6   8   7   5   4,   4   2   7   5   6   5   4   5   7   5,   6   7   4   6   6   6   5   2   4   4,   3   5   5   8   6   5   3   6   4   5,   5   5   5   5  12   0   8   3   3   4,   5   7   4   7   5   9   2   4   4   3,   6   3   4   5   4   4   7   6   5   6,   5   2   5   3   5   6   5   5   9   5,   5   6   6   2   3   6   4   6   6   6,   4   4   4   6   5   7   9   4   4   3,   6   6   6   3   5   3   4   6   5   6,   7   6   0   7   2   6   8   5   3   6,   7   3   7   4   8   5   4   5   3   4,   6   7   2   8   4   6   2   7   4   4,   9   4   5   6   6   4   4   5   3   4,   7   6   3   2   3   6   3   6   7   7,   3   4   7   5   6   7   2   5   6   5,   8   5   4   5   6   5   5   6   3   3,   7   6   5   2   6   4   5   7   3   5,   9   5   8   3   5   6   4   3   4   3,   3   7   2   5   7   2   7   4   4   9,   4   5   4   7   5   5   2   5   7   6,   8   4   4   2   1   5   7   6   6   7,   5   3   4   6   7   6  10   4   2   3,   5   4   6   5   5   5   4   7   4   5,   2   7   9   5   4   3   4   2   8   6,   6   3   7   5   5   1   5   3   8   7,   2   6   4   6  10   3   5   4   3   7,   7   6   3   3   7   6   7   3   3   5,   5   6   7   2   5   6   4   4   6   5,   3   8   5   5   7   3   4   4   2   9,   8   4   6   5   7   4   2   6   3   5,   4   4   4   4   7   4   6   5   8   4,   5   5   4   5   5   6   5   3   6   6,   3   5   3   7   5   5   8   6   2   6,   3   5   6   6   9   5   2   9   0   5,   5   3   4   7   4   5   5   6   5   6,   6   3   8   5   4   7   5   4   4   4,   1   7   4   3   5   3   6   8   4   9,   4   4   3   5   5   4   8   5   6   6,   4   6   2   5   6   7   6   6   3   5,   4   5   5   7   6   6   4   6   4   3,   6   7   5   3   6   2   4   5   5   7,   7   9   8   2   6   5   2   6   3   2,   4   6   8   7   3   3   4   3   4   8,   4   6   2   6   5   6   7   5   6   3,   3   8   4   7   9   4   4   4   3   4,   9  10   9   1   5   2   5   1   6   2,   6   4   7   3   7   3   6   3   6   5,   7   4   7   9   4   3   4   5   4   3,   4   5   5   5   3   7   6   5   5   5,  10   5   3   3   6   4   3   6   4   6,   4   3   5   6   3   3   6   5   9   6,   4   6   6   5   5   6   3   5   5   5,   3   4   9   4   3   6   7   6   3   5,   5   3   2   9   6   4   3   6   7   5,   3   4   3   6   5   6   7   4   6   6,   4   7   8   4   4   5   2   4   4   8,   5   5   6   6   4   6   8   4   2   4,   5   5   5   3   7   3   4   7   4   7,   7   4   5   4   4   5   5   4   7   5,   6   5   6   5   6   4   3   5   5   5,   4   3   5   4   8   3   7   3   9   4,   3   4   7   4   7   4   5   8   4   4,   2   5   8   5   6   3   6   6   5   4,   1   6   5   3   6  10   3   9   3   4,   6   2   6   5   7   8   9   3   1   3,   7   8   4   2   3   5   4   5   8   4,   4   3   4   6   5   2   6   7   9   4,   6   8   9   1   5   5   3   2   4   7,   9   4   5   5   6   4   3   3   9   2,   7   6   3   5   8   6   6   2   5   2,   6   7   5   5   6   2   4   4   2   9,   7   3   6   7   4   3   4   3   6   7,   5   5   7   5   7   5   5   2   6   3,   4   7   5   7   5   4   6   7   3   2,   1   7   3   6   2  10   6   3   5   7,   6   4   1   7   6   5   6   3   5   7,   7   4   6   5   2   8   7   3   5   3,   4   5   7   6   9   5   6   1   4   3,   7   4   2   6   4   5   5   6   5   6,   4   5   5   6   7   6   6   1   4   6,   3   7   3   5   2   4   3   7  10   6,   8   8   0   2   6   4   5   4   8   5,   6   4   6   4   6   8   2   9   2   3,   4   5   7   4   4   6   6   3   5   6,   5   5   4   5   5   8   4   5   4   5,   2   4   4   6   7   5   7   3   7   5,   6   4   8   4   6   1   6   7   6   2,   8   6   5   4   1   7   2   8   6   3,   5   5   4   3   6   8   4   3   4   8,   3   8   5   4  10   2   8   0   5   5,   2   5   4   5   5   9   4   7   2   7,   4   4   7   3   5   5   9   1   8   4,  10   3   2   1   5   3   8   8   7   3,   4   6   7   1   9   2   7   5   4   5,   8   5   4   6   0   4   4   9   4   6,   3   7   4   4   8   7   4   4   4   5,   3   6   9   5   7   4   6   2   4   4,   7   8   3   2   4   3   6   6   5   6,   6   0   5   4   5   9   6   4   7   4,   0   3   7   6   6   7   8   4   7   2,   5   5   5   7   4   5   1   6   7   5,   5   0   6   4   5   6   5   9   6   4,   5   6   4   4   4   7   6   5   3   6,   5   5   4   6   6   3   6   8   2   5,   6   3   4   0   5   8   6   6   2  10,   9   8   3   5   7   4   1   4   5   4,   3   6   4   4   5   3   6   7   4   8,   6   6   3   2  10   6   6   3   4   4,   6   4   5   3   6   6   6   8   3   3,   4   5   4   1   3   5   8   6   6   8,   3   4   2   4   4   8   7  10   4   4,   5   4   4   6   4   6   5   5   6   5,   5   6   4  13   4   3   2   5   4   4,   3   5   7   5   6   3   5   8   4   4,   3   6   5   4   7   3   4   6   5   7,   3   7   7   3   5   4   6   4   5   6,   8   4   5   6   4   7   2   5   5   4,   2   7   7   6   5   6   6   0   6   5,   6   3   3   2   6   5   9   5   5   6,   5   4   6   6   4   2   4   6   7   6,   3   4   5   6   5   5  10   5   3   4,   1   6   6   6   6   7   4   5   5   4,   7   5   2   6   4   3   9   1   9   4,   5   6   4   6   5   7   6   7   0   4,   4   4   4   9   4   2   7   4   5   7,   7   2   5   5   5   4   6   7   2   7,   6   4   6   3   6   4   4   5   6   6,   4   3   2   6   6   6   3   8   8   4,   7   7   5   5   4   2   6   5   6   3,   3   3   6   7   5   5   6   5   5   5,   6   6   5   0   7   7   7   5   5   2,   6   4   3   7   2   3   8   4   6   7,   5   5   3   8   5   6   6   2   5   5,   6   9   3   5   2   5   1   8   7   4,   6   4   8   4   3   8   5   5   2   5,   5   3   5   5   5   6   6   4  10   1,   6   5   5   3   5   5   3   7   5   6,   4   5   6   3   3   8   4   3   8   6,   4   8   5   4   7   5   7   5   2   3,   6   8   5   2   5   3   5   5   7   4,   6   8   4   7   8   1   3   3   4   6,   6   3   6   6   5   5   5   6   4   4,   5   4   4   7   4   7   5   5   5   4,   3   2   6   4   5   6   4   7   3  10,   8   4   2   1   7   3  11   5   5   4,   4  10   4   6   6   5   3   4   2   6,   7   8   9   2   1   4   5   4   4   6,   5   4   5   5   6   2   7   6   8   2,   5   5   8   4   8   5   4   7   3   1
